# 3M/64 - fq:60 - lag:64

predictor: turbotouch:
latency-index: 64
turbotouch-V0: 2000
turbotouch-ts: 0.016666666666666666
turbotouch-alpha_gain: 0.7247796636776955
turbotouch-gamma1-x: 1
turbotouch-gamma1-y: 1
turbotouch-weights: 1 1 1
turbotouch-transients: 3

turbotouch-alpha-x: 113.512948520371
turbotouch-lambda-x: -0.014566967923
turbotouch-gamma2-x: 0.526675783014
turbotouch-gamma3-x: -0.006507227229
turbotouch-gamma4-x: 0.000044484667
turbotouch-alpha-y: 113.512948520371
turbotouch-lambda-y: -0.014566967923
turbotouch-gamma2-y: 0.526675783014
turbotouch-gamma3-y: -0.006507227229
turbotouch-gamma4-y: 0.000044484667

processor: one-euro-vector:
one-euro-mincutoff: 16.0
one-euro-beta: 0
one-euro-freq: 60
processor-enable: true
