# 3M/32 - fq:60 - lag:32

predictor: turbotouch:
latency-index: 32
turbotouch-V0: 2000
turbotouch-ts: 0.016666666666666666
turbotouch-alpha_gain: 0.7247796636776955
turbotouch-gamma1-x: 1
turbotouch-gamma1-y: 1
turbotouch-weights: 1 1 1
turbotouch-transients: 3

turbotouch-alpha-x: 62.515041459179
turbotouch-lambda-x: -0.073848763423
turbotouch-gamma2-x: -0.075694164649
turbotouch-gamma3-x: 0.000847296555
turbotouch-gamma4-x: -0.000004903416
turbotouch-alpha-y: 62.515041459179
turbotouch-lambda-y: -0.073848763423
turbotouch-gamma2-y: -0.075694164649
turbotouch-gamma3-y: 0.000847296555
turbotouch-gamma4-y: -0.000004903416

processor: one-euro-vector:
one-euro-mincutoff: 45.0
one-euro-beta: 0
one-euro-freq: 60
processor-enable: true
