# 3M/16 - fq:60 - lag:16

predictor: turbotouch:
latency-index: 16
turbotouch-V0: 2000
turbotouch-ts: 0.016666666666666666
turbotouch-alpha_gain: 0.7247796636776955
turbotouch-gamma1-x: 1
turbotouch-gamma1-y: 1
turbotouch-weights: 1 1 1
turbotouch-transients: 3

turbotouch-alpha-x: 118.046859565238
turbotouch-lambda-x: -0.004356967210
turbotouch-gamma2-x: 3.259858700318
turbotouch-gamma3-x: -0.040718212574
turbotouch-gamma4-x: 0.000282506863
turbotouch-alpha-y: 118.046859565238
turbotouch-lambda-y: -0.004356967210
turbotouch-gamma2-y: 3.259858700318
turbotouch-gamma3-y: -0.040718212574
turbotouch-gamma4-y: 0.000282506863

