# 3M/48 - fq:60 - lag:48

predictor: turbotouch:
latency-index: 48
turbotouch-V0: 2000
turbotouch-ts: 0.016666666666666666
turbotouch-alpha_gain: 0.7247796636776955
turbotouch-gamma1-x: 1
turbotouch-gamma1-y: 1
turbotouch-weights: 1 1 1
turbotouch-transients: 3

turbotouch-alpha-x: 78.330193406610
turbotouch-lambda-x: -0.030652053324
turbotouch-gamma2-x: -0.358189181804
turbotouch-gamma3-x: 0.004749667492
turbotouch-gamma4-x: -0.000035716523
turbotouch-alpha-y: 78.330193406610
turbotouch-lambda-y: -0.030652053324
turbotouch-gamma2-y: -0.358189181804
turbotouch-gamma3-y: 0.004749667492
turbotouch-gamma4-y: -0.000035716523

processor: one-euro-vector:
one-euro-mincutoff: 16.0
one-euro-beta: 0
one-euro-freq: 60
processor-enable: true
